1.000000000000000000e+00 2.358638111989458941e-01 9.221668662759458998e-03 8.409397069114421530e-02 7.167666951587375879e-01 2.300805095977843384e-01 2.170469363811437791e-01 5.505746249728941111e-01 1.314867616691445251e-01 3.047791482656562190e-01 7.321246797932802197e-01 5.262962332604528282e-01 6.697102482066565887e-01 7.336929926701801774e-01 5.906821950629685958e-01 4.705701429824256654e-01 5.793545437335093640e-01 5.786268921622925721e-01 5.391805375436398151e-01 7.510564689464177546e-02 1.722925696321292820e-06 5.024262484408814622e-01 5.225317740749998441e-01 6.201345784498575320e-01 1.862521747065003785e-01 6.298797591299609699e-01 4.416495587862966921e-01 4.033628500319555443e-01
2.358638111989458941e-01 1.000000000000000000e+00 1.424074638720882391e-03 3.678762930813742754e-02 2.957950072458564450e-01 2.894580233764573185e-01 2.635242600412712743e-02 2.106481843021130729e-01 1.069493760914244362e-01 6.969943356165658743e-02 7.066417764414288129e-03 4.679641652887566936e-03 9.020599215815598704e-02 1.219580268810842721e-01 1.905718242399502549e-01 5.316339815298047611e-02 5.095451771684401943e-02 1.586496544716757551e-01 7.846860904577925011e-02 1.142061404967712954e-02 3.355469769942661721e-07 1.545258690735316631e-01 1.194912680248712000e-01 6.110729293237658621e-02 7.400450330353124107e-02 1.176206609148670312e-01 5.117470812354792814e-02 3.544830381737282265e-02
9.221668662759458998e-03 1.424074638720882391e-03 1.000000000000000000e+00 2.145617538971870877e-03 4.527554339269597265e-03 1.225500149400722376e-02 9.367761669317829082e-04 6.433329860414963887e-03 1.096600109822429238e-03 6.431231215220050909e-03 2.364079653927985206e-02 7.419574269561301193e-03 7.119064071054515171e-03 6.537356306803044151e-03 1.104444980510681240e-02 3.490315829555551332e-03 4.748986839932673940e-03 9.344522015066292903e-03 1.655926647708469424e-02 7.164527839442711050e-03 3.202279122508663293e-06 3.501834443554634885e-02 2.371653627406657486e-02 1.675585968073458817e-02 3.556637877470482964e-04 7.007230183719138569e-03 3.082765804034417502e-03 1.442908593889977512e-02
8.409397069114421530e-02 3.678762930813742754e-02 2.145617538971870877e-03 1.000000000000000000e+00 5.922382954126071963e-01 5.565835554685812925e-01 2.696378508053973166e-01 1.603041997098369753e-01 5.519141219173587798e-01 2.433008429428840380e-01 3.565947439905274297e-01 7.839550304037128381e-01 6.523697830877605019e-01 2.903414491181130486e-01 2.575568426824326740e-01 6.581874221115999735e-01 2.461013439526114066e-01 5.723580941058035165e-01 2.400395561346140849e-01 7.223803565684561168e-02 1.131371956460742409e-12 6.179252555173618822e-01 2.027863432329962690e-01 5.708124130957655806e-01 5.652846743069064317e-01 1.619313466771895790e-02 2.686691828793930648e-01 6.355051465965924073e-01
7.167666951587375879e-01 2.957950072458564450e-01 4.527554339269597265e-03 5.922382954126071963e-01 1.000000000000000000e+00 5.584659503256783619e-01 3.804670696917724637e-01 6.754941178359294973e-01 7.161644935302585724e-01 4.460001462117120785e-01 8.533664347221143753e-01 9.054988999495837687e-01 9.056694185471459990e-01 8.271972541580425720e-01 7.016057180806417604e-01 7.517189575106431043e-01 6.911989627077067544e-01 8.288560765288537358e-01 5.907635710922523042e-01 1.403795556116957111e-01 1.141303915680564731e-10 7.175606231531478363e-01 4.501040967444031593e-01 9.183390292673645483e-01 4.506558590114579377e-01 5.801268546378457458e-01 5.165379384751691560e-01 8.058292987573649757e-01
2.300805095977843384e-01 2.894580233764573185e-01 1.225500149400722376e-02 5.565835554685812925e-01 5.584659503256783619e-01 1.000000000000000000e+00 1.544592746318674825e-01 2.718025730388541339e-01 6.855175567071641884e-01 2.665596084479179839e-01 5.029806809507788579e-01 4.969055949905170078e-01 3.486897019534964670e-01 2.028480141432806583e-01 2.964696750863212715e-01 4.477284830752562561e-01 2.145631783135373283e-01 5.700069519050442457e-01 1.880256057580610152e-01 8.713895222681609931e-02 5.597560686763684625e-09 5.974011663625019564e-01 2.157103116492160577e-01 4.472083911564732062e-01 4.535833696563906781e-01 2.160888447038556426e-01 1.371479466030927907e-01 4.109557681545801811e-01
2.170469363811437791e-01 2.635242600412712743e-02 9.367761669317829082e-04 2.696378508053973166e-01 3.804670696917724637e-01 1.544592746318674825e-01 1.000000000000000000e+00 4.177613256000266562e-01 2.110804305955247262e-01 2.880762555540711811e-01 4.221520277746498295e-01 3.111206686416926881e-01 3.894556289493998347e-01 3.737884097506987691e-01 2.308699268701006613e-01 3.427145285901446736e-01 2.251419994718442952e-01 2.416560125967619210e-01 3.640782312579329827e-01 7.241717570324460174e-02 7.025593718036985635e-08 2.759178871931140531e-01 1.234515144410037180e-01 3.859763589912897364e-01 1.498955310114101769e-01 3.322390663393489652e-01 2.581614646535020374e-01 4.697126648797286252e-01
5.505746249728941111e-01 2.106481843021130729e-01 6.433329860414963887e-03 1.603041997098369753e-01 6.754941178359294973e-01 2.718025730388541339e-01 4.177613256000266562e-01 1.000000000000000000e+00 1.793591871766258561e-01 2.966351296942644211e-01 6.003170840979881184e-01 3.807605928323806732e-01 5.615431446314994579e-01 6.100001528366620906e-01 5.334616895312137563e-01 2.437887120768909843e-01 3.875421805799933450e-01 3.898864129703467629e-01 2.998239439086455294e-01 1.618651970577637544e-01 3.984365057457248825e-06 4.323079738100452096e-01 2.683376717858063087e-01 5.421107923621949487e-01 2.358962516343237614e-01 4.678447902888038246e-01 2.887421704534025579e-01 3.843052963283410395e-01
1.314867616691445251e-01 1.069493760914244362e-01 1.096600109822429238e-03 5.519141219173587798e-01 7.161644935302585724e-01 6.855175567071641884e-01 2.110804305955247262e-01 1.793591871766258561e-01 1.000000000000000000e+00 4.193282916476416267e-01 5.647717161029655042e-01 7.815255353277745787e-01 5.946066107273291212e-01 5.121980370911619618e-01 3.165426206604887160e-01 6.954602136235975562e-01 4.971091146886800760e-01 6.615778471307711683e-01 2.015115099673755183e-01 1.399321123954483381e-01 2.690756639694230684e-13 5.674553330747027502e-01 1.715989268929968281e-01 4.541986473631206001e-01 5.663957635017499159e-01 4.257030555844867198e-02 1.984667359091219774e-01 5.320062013717822280e-01
3.047791482656562190e-01 6.969943356165658743e-02 6.431231215220050909e-03 2.433008429428840380e-01 4.460001462117120785e-01 2.665596084479179839e-01 2.880762555540711811e-01 2.966351296942644211e-01 4.193282916476416267e-01 1.000000000000000000e+00 3.622202520364559697e-01 3.936348863666965792e-01 3.097209230245334677e-01 3.658105901627687895e-01 1.148520236498154663e-02 3.699541259070976418e-01 2.451611816413131750e-01 3.215742616961597689e-01 2.982208288299074694e-01 6.917786729109058619e-02 4.019634316166888499e-13 3.845500544397537079e-01 2.327119107676864918e-01 3.466386397477674297e-01 1.653335689522650587e-01 1.534024425225146704e-01 2.760822939622344929e-01 2.538364816545565783e-01
7.321246797932802197e-01 7.066417764414288129e-03 2.364079653927985206e-02 3.565947439905274297e-01 8.533664347221143753e-01 5.029806809507788579e-01 4.221520277746498295e-01 6.003170840979881184e-01 5.647717161029655042e-01 3.622202520364559697e-01 1.000000000000000000e+00 7.722743481948556310e-01 8.904103648886679823e-01 8.153997882837057398e-01 5.519179717910008831e-01 7.903179734135467038e-01 5.871378456512409416e-01 6.525877384856128005e-01 3.158232082990689027e-01 1.456445112599274450e-01 3.628420902219619098e-07 5.878156690079070490e-01 5.693541627566504060e-01 7.390974864921551202e-01 3.582861094872755170e-01 4.764986226494811739e-01 4.536750715051430238e-01 6.544756703782550478e-01
5.262962332604528282e-01 4.679641652887566936e-03 7.419574269561301193e-03 7.839550304037128381e-01 9.054988999495837687e-01 4.969055949905170078e-01 3.111206686416926881e-01 3.807605928323806732e-01 7.815255353277745787e-01 3.936348863666965792e-01 7.722743481948556310e-01 1.000000000000000000e+00 8.907428434205729717e-01 6.942470660833948148e-01 5.251581657999477848e-01 7.898087217399246684e-01 5.437090727087990905e-01 8.696548419534745333e-01 4.616992059761781397e-01 1.566024610328509148e-01 1.841868344222437547e-14 5.546876114830076032e-01 3.744651396108717445e-01 9.149773839167225642e-01 5.742154589094397021e-01 3.513349911734148789e-01 5.111698628909299158e-01 8.257171114323068606e-01
6.697102482066565887e-01 9.020599215815598704e-02 7.119064071054515171e-03 6.523697830877605019e-01 9.056694185471459990e-01 3.486897019534964670e-01 3.894556289493998347e-01 5.615431446314994579e-01 5.946066107273291212e-01 3.097209230245334677e-01 8.904103648886679823e-01 8.907428434205729717e-01 1.000000000000000000e+00 8.403697387106305872e-01 4.977997967366390997e-01 7.801780572656612511e-01 5.944912035668765693e-01 7.816489116835928508e-01 5.595739574163263175e-01 1.851105451245952105e-01 5.282843318161249587e-12 6.456215037768239240e-01 4.537400193863937448e-01 9.164414174320386630e-01 4.632221173175168905e-01 4.426550652641619843e-01 5.054412499689588945e-01 7.780540972918890130e-01
7.336929926701801774e-01 1.219580268810842721e-01 6.537356306803044151e-03 2.903414491181130486e-01 8.271972541580425720e-01 2.028480141432806583e-01 3.737884097506987691e-01 6.100001528366620906e-01 5.121980370911619618e-01 3.658105901627687895e-01 8.153997882837057398e-01 6.942470660833948148e-01 8.403697387106305872e-01 1.000000000000000000e+00 5.944141883982025920e-01 4.344235230746332221e-01 7.217690010535381395e-01 6.030856030828457559e-01 5.524500766100165494e-01 2.668050742676943421e-01 1.736885172304762761e-12 4.874846345837974271e-01 3.653293666651659666e-01 8.474303860012520895e-01 2.508122074898291309e-01 5.666119364556231330e-01 4.213681601601090843e-01 5.511538808553688717e-01
5.906821950629685958e-01 1.905718242399502549e-01 1.104444980510681240e-02 2.575568426824326740e-01 7.016057180806417604e-01 2.964696750863212715e-01 2.308699268701006613e-01 5.334616895312137563e-01 3.165426206604887160e-01 1.148520236498154663e-02 5.519179717910008831e-01 5.251581657999477848e-01 4.977997967366390997e-01 5.944141883982025920e-01 1.000000000000000000e+00 2.692248082737408454e-01 4.692817883177894944e-01 4.868739801911775023e-01 3.324706871313559686e-01 1.052506298402285240e-01 1.034784519247068910e-08 5.350457403376401855e-01 2.856292188401975407e-01 5.847762786797392476e-01 2.459202794564195327e-01 3.188880583640685829e-01 4.437564787403264210e-01 4.367655481693835107e-01
4.705701429824256654e-01 5.316339815298047611e-02 3.490315829555551332e-03 6.581874221115999735e-01 7.517189575106431043e-01 4.477284830752562561e-01 3.427145285901446736e-01 2.437887120768909843e-01 6.954602136235975562e-01 3.699541259070976418e-01 7.903179734135467038e-01 7.898087217399246684e-01 7.801780572656612511e-01 4.344235230746332221e-01 2.692248082737408454e-01 1.000000000000000000e+00 3.824648865959028865e-01 5.432960334508389888e-01 1.570717890095560954e-01 6.052377527703738103e-02 1.367404521579946629e-12 5.488760929610211337e-01 4.008453952983906388e-01 7.677033145993032992e-01 4.252672785902435471e-01 3.452031197259096129e-01 2.233934370468172725e-01 6.910676362132071038e-01
5.793545437335093640e-01 5.095451771684401943e-02 4.748986839932673940e-03 2.461013439526114066e-01 6.911989627077067544e-01 2.145631783135373283e-01 2.251419994718442952e-01 3.875421805799933450e-01 4.971091146886800760e-01 2.451611816413131750e-01 5.871378456512409416e-01 5.437090727087990905e-01 5.944912035668765693e-01 7.217690010535381395e-01 4.692817883177894944e-01 3.824648865959028865e-01 1.000000000000000000e+00 5.595947790605824146e-01 4.964069101600809275e-01 9.612070538135861208e-02 1.123566030636084966e-11 4.051013460697606150e-01 4.264161731265566635e-01 6.195737701843002654e-01 2.172852991787054822e-01 4.517475628034670621e-01 2.958993795526678738e-01 5.114994120005751377e-01
5.786268921622925721e-01 1.586496544716757551e-01 9.344522015066292903e-03 5.723580941058035165e-01 8.288560765288537358e-01 5.700069519050442457e-01 2.416560125967619210e-01 3.898864129703467629e-01 6.615778471307711683e-01 3.215742616961597689e-01 6.525877384856128005e-01 8.696548419534745333e-01 7.816489116835928508e-01 6.030856030828457559e-01 4.868739801911775023e-01 5.432960334508389888e-01 5.595947790605824146e-01 1.000000000000000000e+00 5.713111239467039137e-01 1.802013224579899209e-01 7.115344077495532349e-14 7.320948931353170597e-01 3.012585582430000186e-01 7.631102724487639488e-01 3.850001915728052948e-01 2.628967617036223614e-01 4.367643341179187622e-01 7.207066362613869792e-01
5.391805375436398151e-01 7.846860904577925011e-02 1.655926647708469424e-02 2.400395561346140849e-01 5.907635710922523042e-01 1.880256057580610152e-01 3.640782312579329827e-01 2.998239439086455294e-01 2.015115099673755183e-01 2.982208288299074694e-01 3.158232082990689027e-01 4.616992059761781397e-01 5.595739574163263175e-01 5.524500766100165494e-01 3.324706871313559686e-01 1.570717890095560954e-01 4.964069101600809275e-01 5.713111239467039137e-01 1.000000000000000000e+00 1.043174939740081492e-01 1.050928194457356672e-06 3.931056780940723194e-01 3.543458864256802121e-01 5.443081999481318434e-01 1.733185046060695955e-01 4.073091692209272474e-01 4.563100327606038897e-01 3.723824669490492512e-01
7.510564689464177546e-02 1.142061404967712954e-02 7.164527839442711050e-03 7.223803565684561168e-02 1.403795556116957111e-01 8.713895222681609931e-02 7.241717570324460174e-02 1.618651970577637544e-01 1.399321123954483381e-01 6.917786729109058619e-02 1.456445112599274450e-01 1.566024610328509148e-01 1.851105451245952105e-01 2.668050742676943421e-01 1.052506298402285240e-01 6.052377527703738103e-02 9.612070538135861208e-02 1.802013224579899209e-01 1.043174939740081492e-01 1.000000000000000000e+00 1.274897078986820234e-11 8.631142020446786259e-03 1.303402143153476467e-01 2.597903736494197036e-01 1.348100154871488265e-01 4.458584554126891752e-02 3.832891492719046889e-02 1.084543981010180486e-01
1.722925696321292820e-06 3.355469769942661721e-07 3.202279122508663293e-06 1.131371956460742409e-12 1.141303915680564731e-10 5.597560686763684625e-09 7.025593718036985635e-08 3.984365057457248825e-06 2.690756639694230684e-13 4.019634316166888499e-13 3.628420902219619098e-07 1.841868344222437547e-14 5.282843318161249587e-12 1.736885172304762761e-12 1.034784519247068910e-08 1.367404521579946629e-12 1.123566030636084966e-11 7.115344077495532349e-14 1.050928194457356672e-06 1.274897078986820234e-11 1.000000000000000000e+00 1.153259371798076342e-08 1.681634073332039836e-07 2.621845457216339597e-13 4.682646052024562381e-11 3.423975744511877688e-10 1.544855385210853545e-08 6.841125459208574690e-14
5.024262484408814622e-01 1.545258690735316631e-01 3.501834443554634885e-02 6.179252555173618822e-01 7.175606231531478363e-01 5.974011663625019564e-01 2.759178871931140531e-01 4.323079738100452096e-01 5.674553330747027502e-01 3.845500544397537079e-01 5.878156690079070490e-01 5.546876114830076032e-01 6.456215037768239240e-01 4.874846345837974271e-01 5.350457403376401855e-01 5.488760929610211337e-01 4.051013460697606150e-01 7.320948931353170597e-01 3.931056780940723194e-01 8.631142020446786259e-03 1.153259371798076342e-08 1.000000000000000000e+00 4.394773965976895846e-01 6.560559171970105075e-01 4.876774300342077151e-01 2.562603004319699562e-01 3.868868747974663624e-01 5.994068561225552871e-01
5.225317740749998441e-01 1.194912680248712000e-01 2.371653627406657486e-02 2.027863432329962690e-01 4.501040967444031593e-01 2.157103116492160577e-01 1.234515144410037180e-01 2.683376717858063087e-01 1.715989268929968281e-01 2.327119107676864918e-01 5.693541627566504060e-01 3.744651396108717445e-01 4.537400193863937448e-01 3.653293666651659666e-01 2.856292188401975407e-01 4.008453952983906388e-01 4.264161731265566635e-01 3.012585582430000186e-01 3.543458864256802121e-01 1.303402143153476467e-01 1.681634073332039836e-07 4.394773965976895846e-01 1.000000000000000000e+00 5.282237470016346581e-01 2.343938011302048041e-01 2.851009757360575825e-01 2.895168788688645134e-01 1.946467823285806253e-01
6.201345784498575320e-01 6.110729293237658621e-02 1.675585968073458817e-02 5.708124130957655806e-01 9.183390292673645483e-01 4.472083911564732062e-01 3.859763589912897364e-01 5.421107923621949487e-01 4.541986473631206001e-01 3.466386397477674297e-01 7.390974864921551202e-01 9.149773839167225642e-01 9.164414174320386630e-01 8.474303860012520895e-01 5.847762786797392476e-01 7.677033145993032992e-01 6.195737701843002654e-01 7.631102724487639488e-01 5.443081999481318434e-01 2.597903736494197036e-01 2.621845457216339597e-13 6.560559171970105075e-01 5.282237470016346581e-01 1.000000000000000000e+00 3.889595302427720780e-01 5.011756258188967417e-01 4.108398495343391632e-01 8.532115076801988218e-01
1.862521747065003785e-01 7.400450330353124107e-02 3.556637877470482964e-04 5.652846743069064317e-01 4.506558590114579377e-01 4.535833696563906781e-01 1.498955310114101769e-01 2.358962516343237614e-01 5.663957635017499159e-01 1.653335689522650587e-01 3.582861094872755170e-01 5.742154589094397021e-01 4.632221173175168905e-01 2.508122074898291309e-01 2.459202794564195327e-01 4.252672785902435471e-01 2.172852991787054822e-01 3.850001915728052948e-01 1.733185046060695955e-01 1.348100154871488265e-01 4.682646052024562381e-11 4.876774300342077151e-01 2.343938011302048041e-01 3.889595302427720780e-01 1.000000000000000000e+00 1.437170413444671668e-01 2.710578952040723077e-01 4.508315080214371218e-01
6.298797591299609699e-01 1.176206609148670312e-01 7.007230183719138569e-03 1.619313466771895790e-02 5.801268546378457458e-01 2.160888447038556426e-01 3.322390663393489652e-01 4.678447902888038246e-01 4.257030555844867198e-02 1.534024425225146704e-01 4.764986226494811739e-01 3.513349911734148789e-01 4.426550652641619843e-01 5.666119364556231330e-01 3.188880583640685829e-01 3.452031197259096129e-01 4.517475628034670621e-01 2.628967617036223614e-01 4.073091692209272474e-01 4.458584554126891752e-02 3.423975744511877688e-10 2.562603004319699562e-01 2.851009757360575825e-01 5.011756258188967417e-01 1.437170413444671668e-01 1.000000000000000000e+00 3.282320785736457247e-01 2.894384942049209597e-01
4.416495587862966921e-01 5.117470812354792814e-02 3.082765804034417502e-03 2.686691828793930648e-01 5.165379384751691560e-01 1.371479466030927907e-01 2.581614646535020374e-01 2.887421704534025579e-01 1.984667359091219774e-01 2.760822939622344929e-01 4.536750715051430238e-01 5.111698628909299158e-01 5.054412499689588945e-01 4.213681601601090843e-01 4.437564787403264210e-01 2.233934370468172725e-01 2.958993795526678738e-01 4.367643341179187622e-01 4.563100327606038897e-01 3.832891492719046889e-02 1.544855385210853545e-08 3.868868747974663624e-01 2.895168788688645134e-01 4.108398495343391632e-01 2.710578952040723077e-01 3.282320785736457247e-01 1.000000000000000000e+00 3.842642018263188186e-01
4.033628500319555443e-01 3.544830381737282265e-02 1.442908593889977512e-02 6.355051465965924073e-01 8.058292987573649757e-01 4.109557681545801811e-01 4.697126648797286252e-01 3.843052963283410395e-01 5.320062013717822280e-01 2.538364816545565783e-01 6.544756703782550478e-01 8.257171114323068606e-01 7.780540972918890130e-01 5.511538808553688717e-01 4.367655481693835107e-01 6.910676362132071038e-01 5.114994120005751377e-01 7.207066362613869792e-01 3.723824669490492512e-01 1.084543981010180486e-01 6.841125459208574690e-14 5.994068561225552871e-01 1.946467823285806253e-01 8.532115076801988218e-01 4.508315080214371218e-01 2.894384942049209597e-01 3.842642018263188186e-01 1.000000000000000000e+00
